From the kinematic calculations it follows that:
C_kk = -0.0072859588470569675 +- 0.009625890019860958
C_rr = 0.005976753011872615 +- 0.009638989969130346
C_nn = 0.009981807653122914 +- 0.009577058672897114
C_kk + C_rr = -0.0013092058351843521
C = -0.008672601817938563 +- 0.016651965022890482
