From the kinematic calculations it follows that:
C_kk = 0.28270441645649025 +- 0.009427059978875036
C_rr = 0.17188600779192018 +- 0.009552369604847562
C_nn = 0.14425035299715178 +- 0.009772361398027516
C_kk + C_rr = 0.45459042424841045
C = 0.3103400712512587 +- 0.016601694859458817
