From the kinematic calculations it follows that:
C_kk = 0.269979765931904 +- 0.020288015446596426
C_rr = 0.3379560111189819 +- 0.02085735590223775
C_nn = 0.055906560751482925 +- 0.021258554298910447
C_kk + C_rr = 0.6079357770508859
C = 0.5520292162994029 +- 0.03603552409600381
