From the kinematic calculations it follows that:
C_kk = -0.02308070727732689 +- 0.02095951544155625
C_rr = 0.020515987782396425 +- 0.021222474603745305
C_nn = 0.022843423867551026 +- 0.020895070093954325
C_kk + C_rr = -0.0025647194949304647
C = -0.02027870437262056 +- 0.036418383683007045
